0,100,0,0,0
1,100.005,0,0,0
2,100,0,0,0
3,100,7.08883e-22,0,0
4,100,1.20326e-13,0,0
5,100,3.12373e-08,7.32609e-56,0
6,99.9999,0.00014396,5.75496e-44,0
7,99.9578,0.0422332,7.6562e-35,5.396e-92
8,98.3268,1.67324,1.50418e-27,1.53555e-77
9,84.723,15.277,1.11719e-21,2.84472e-66
10,49.919,50.081,8.27184e-17,8.30745e-57
11,16.628,83.372,8.09734e-13,1.07863e-48
12,2.97727,97.0227,1.52458e-09,1.09922e-41
13,0.295342,99.7047,7.1571e-07,1.23658e-35
14,0.0172039,99.9827,0.000103393,2.71323e-30
15,0.000626066,99.9939,0.00545075,1.33127e-25
16,1.50547e-05,99.879,0.121007,1.70535e-21
17,2.50936e-07,98.719,1.28103,6.76194e-18
18,3.01751e-09,92.814,7.18604,9.48389e-15
19,2.70813e-11,76.42,23.58,5.26421e-12
20,5.46017e-12,50.0979,49.9021,1.27411e-09
21,1.27938e-09,24.4302,75.5698,1.46106e-07
22,1.47386e-07,8.58217,91.4178,8.53707e-06
23,8.68446e-06,2.15728,97.8419,0.000271069
24,0.000279754,0.39085,99.5946,0.00495518
25,0.00523495,0.0517652,99.7883,0.0549485
26,0.0601837,0.00509801,98.8874,0.387491
27,0.447677,0.000380103,94.9393,1.81593
28,2.26362,2.184e-05,84.1072,5.9029
29,8.16658,9.83682e-07,64.1838,13.9064
30,22.0731,4.19119e-08,39.218,24.8961
31,46.9696,2.88463e-07,17.7689,35.7091
32,82.6787,8.08607e-06,5.25872,43.483
33,126.158,0.000152487,0.558561,47.6368
34,173.759,0.00198571,-0.328569,49.2847
35,222.843,0.0183696,-0.213298,49.6224
36,271.632,0.124017,-0.0697695,49.0211
37,318.037,0.627056,-0.0157384,46.9315
38,358.564,2.43607,-0.00266346,42.3399
39,388.294,7.46237,-0.000351703,34.7567
40,402.372,18.5135,-3.63553e-05,25.1301
41,398.25,38.2504,1.03371e-05,15.615
42,376.968,67.7401,0.00017435,8.2084
43,342.482,105.844,0.00170234,3.6198
44,299.696,149.954,0.0127565,1.33477
45,252.772,197.227,0.0746772,0.411614
46,204.661,245.172,0.347125,0.1064
47,157.638,291.263,1.30234,0.0231388
48,114.016,332.182,4.01015,0.00425216
49,76.2895,363.606,10.312,0.000664137
50,46.5313,381.123,22.5534,9.6243e-05
51,25.5357,381.904,42.7681,8.95861e-05
52,12.4777,365.989,71.74,0.000641251
53,5.38805,336.192,108.617,0.00416197
54,2.04964,296.788,151.313,0.0220796
55,0.707162,252.017,197.243,0.0966734
56,0.321693,205.343,243.703,0.353299
57,0.527418,159.55,287.691,1.09026
58,1.57849,117.123,325.538,2.87546
59,4.44491,80.3489,353.039,6.5644
60,11.0075,50.9489,366.381,13.1474
61,24.1544,29.5654,363.49,23.4329
62,47.5851,15.572,344.899,37.721
63,85.2951,7.39801,313.496,55.667
64,140.915,3.1619,273.388,76.3944
65,217.142,1.24014,228.693,98.7263
66,315.356,0.555503,182.917,121.335
67,435.326,0.626264,138.97,142.741
68,574.866,1.54994,99.3526,161.261
69,729.447,4.05618,66.0996,175.108
70,892.011,9.6368,40.4396,182.704
71,1053.28,20.6451,22.4734,183.118
72,1202.69,40.2215,11.1979,176.357
73,1329.74,71.9742,4.92974,163.354
74,1425.35,119.47,1.89184,145.66
75,1482.84,185.679,0.670925,125.037
76,1498.43,272.489,0.416462,103.166
77,1471.35,380.301,0.854492,81.5288
78,1403.86,507.658,2.26762,61.3914
79,1301.09,650.9,5.53913,43.7724
80,1170.66,803.979,12.2502,29.3583
81,1021.92,958.639,24.7358,18.4069
82,864.908,1105.11,45.9926,10.7297
83,709.148,1233.25,79.39,5.79255
84,562.623,1333.78,128.224,2.90061
85,431.212,1399.4,195.211,1.39314
86,318.559,1425.48,282,0.786327
87,226.287,1410.4,388.734,0.853496
88,154.415,1355.61,513.657,1.66813
89,101.882,1265.5,652.812,3.63755
90,67.1879,1146.96,799.955,7.53041
91,49.1216,1008.73,946.839,14.4744
92,47.5319,860.359,1083.95,25.892
93,63.9824,711.137,1201.59,43.3609
94,102.143,569.083,1291.05,68.411
95,167.814,440.321,1345.64,102.293
96,268.557,328.837,1361.35,145.749
97,412.986,236.6,1337.22,198.805
98,609.775,163.912,1275.35,260.591
99,866.447,109.907,1180.69,329.226
