0,100,0,0,0
1,100,0,0,0
2,100,0,0,0
3,100,7.27377e-22,0,0
4,100,1.20625e-13,0,0
5,100,3.20007e-08,9.28267e-56,0
6,99.9999,0.000148153,6.45344e-44,0
7,99.957,0.0430373,8.06318e-35,9.16227e-92
8,98.2892,1.71083,1.57398e-27,1.9921e-77
9,84.1779,15.8221,1.32312e-21,3.28533e-66
10,48.6701,51.3299,9.34315e-17,8.98137e-57
11,15.8279,84.1721,8.92054e-13,1.13475e-48
12,2.78637,97.2136,1.63778e-09,1.18132e-41
13,0.275041,99.725,7.56346e-07,1.52275e-35
14,0.0161057,99.9838,0.000108413,3.3191e-30
15,0.000592454,99.9937,0.00570969,1.56521e-25
16,1.44202e-05,99.873,0.126969,1.94799e-21
17,2.43008e-07,98.6581,1.34186,7.52881e-18
18,2.94829e-09,92.5142,7.4858,1.03425e-14
19,2.66329e-11,75.6653,24.3347,5.65598e-12

# mMODE_ACCP_ERLANG s0 n50.9403 c2.70016e-09
#dev,#size
0,2.81977
0.01,0.00108184
0.02,0.00596422
0.03,0.0221061
0.04,0.0620486
0.05,0.140893
0.06,0.27007
0.07,0.450417
0.08,0.668806
0.09,0.900654
0.1,1.11717
0.11,1.29364
0.12,1.41508
0.13,1.47776
0.14,1.48704
0.15,1.45361
0.16,1.38967
0.17,1.30642
0.18,1.21271
0.19,1.11492
0.2,1.01726
0.21,0.922344
0.22,0.831732
0.23,0.746291
0.24,0.666584
0.25,0.592519
0.26,0.524353
0.27,0.461985
0.28,0.40525
0.29,0.35393
0.3,0.307765
0.31,0.266464
0.32,0.22971
0.33,0.197176
0.34,0.168527
0.35,0.143427
0.36,0.121548
0.37,0.102572
0.38,0.0861952
0.39,0.0721299
0.4,0.0601082
0.41,0.0498823
0.42,0.0412251
0.43,0.0339301
0.44,0.0278116
0.45,0.0227033
0.46,0.018458
0.47,0.0149457
0.48,0.012053
0.49,0.00968113
0.5,0.00774491
0.51,0.00617124
0.52,0.00489781
0.53,0.00387179
0.54,0.00304865
0.55,0.0023911
0.56,0.00186805
0.57,0.00145373
0.58,0.00112692
0.59,0.000870212
0.6,0.000669394
0.61,0.000512945
0.62,0.000391561
0.63,0.000297765
0.64,0.00022558
0.65,0.000170249
0.66,0.000128007
0.67,9.58851e-05
0.68,7.15561e-05
0.69,5.32015e-05
0.7,3.94085e-05
0.71,2.90838e-05
0.72,2.13851e-05
0.73,1.56668e-05
0.74,1.14356e-05
0.75,8.3168e-06
0.76,6.02667e-06
0.77,4.35138e-06
0.78,3.13049e-06
0.79,2.24408e-06
0.8,1.60291e-06
0.81,1.14086e-06
0.82,8.09124e-07
0.83,5.71819e-07
0.84,4.02689e-07
0.85,2.82589e-07
0.86,1.97615e-07
0.87,1.37711e-07
0.88,9.56324e-08
0.89,6.61816e-08
0.9,4.56425e-08
0.91,3.13694e-08
0.92,2.14859e-08
0.93,1.46661e-08
0.94,9.97696e-09
0.95,6.76404e-09
0.96,4.5703e-09
0.97,3.07764e-09
0.98,2.06553e-09
0.99,1.38163e-09
0.01,2.80466
0.02,2.772
0.03,2.7148
0.04,2.6212
0.05,2.47691
0.06,2.27148
0.07,2.00519
0.08,1.69236
0.09,1.35883
0.1,1.03472
0.11,0.746066
0.12,0.509169
0.13,0.329052
0.14,0.201565
0.15,0.117191
0.16,0.0647689
0.17,0.0340832
0.18,0.0171056
0.19,0.00820119
0.2,0.0037623
0.21,0.00165403
0.22,0.000697894
0.23,0.000283016
0.29,5.87269e-07
0.3,1.86644e-07
0.31,5.75255e-08
0.32,1.72088e-08
0.33,5.00089e-09
0.34,1.41282e-09
0.35,3.88326e-10
0.36,1.03916e-10
0.37,2.70918e-11
0.38,6.88559e-12
0.39,1.70718e-12
0.4,4.13121e-13
0.41,9.74971e-14
0.42,2.24315e-14
0.43,5.14801e-15
0.44,1.02977e-15
0.45,2.54429e-16
# completed
#dev,#size
0,9.21084e-10
0.01,6.12014e-10
0.02,4.05298e-10
0.03,2.67492e-10
0.04,1.75903e-10
0.05,1.15189e-10
0.06,7.50269e-11
0.07,4.85068e-11
0.08,3.10362e-11
0.09,1.95767e-11
0.1,1.21204e-11
0.11,7.33251e-12
0.12,4.31661e-12
0.13,2.46399e-12
0.14,1.35993e-12
0.15,7.24232e-13
0.16,3.71639e-13
0.17,1.83613e-13
0.18,8.73133e-14
0.19,3.99639e-14
0.2,1.76115e-14
0.21,7.47623e-15
0.22,3.05917e-15
0.23,1.20746e-15
0.24,4.60079e-16
0.25,1.6937e-16
0.26,6.02898e-17
0.27,2.07691e-17
0.28,6.92971e-18
0.29,2.24122e-18
0.3,7.03185e-19
0.31,2.14191e-19
0.32,6.33871e-20
0.33,1.82381e-20
0.34,5.10546e-21
0.35,1.39141e-21
0.36,3.69413e-22
0.37,9.56023e-23
0.38,2.41303e-23
0.39,5.943e-24
0.4,1.42849e-24
0.41,3.34729e-25
0.42,7.63483e-26
0.43,1.71155e-26
0.44,3.37575e-27
0.45,7.3808e-28
# mMODE_ACCP_ERLANG s0 n50.9403 c0
#dev,#size
0,2.81977
0.01,0.00108184
0.02,0.00596422
0.03,0.0221061
0.04,0.0620486
0.05,0.140893
0.06,0.27007
0.07,0.450417
0.08,0.668806
0.09,0.900654
0.1,1.11717
0.11,1.29364
0.12,1.41508
0.13,1.47776
0.14,1.48704
0.15,1.45361
0.16,1.38967
0.17,1.30642
0.18,1.21271
0.19,1.11492
0.2,1.01726
0.21,0.922344
0.22,0.831732
0.23,0.746291
0.24,0.666584
0.25,0.592519
0.26,0.524353
0.27,0.461985
0.28,0.40525
0.29,0.35393
0.3,0.307765
0.31,0.266464
0.32,0.22971
0.33,0.197176
0.34,0.168527
0.35,0.143427
0.36,0.121548
0.37,0.102572
0.38,0.0861952
0.39,0.0721299
0.4,0.0601082
0.41,0.0498823
0.42,0.0412251
0.43,0.0339301
0.44,0.0278116
0.45,0.0227033
0.46,0.018458
0.47,0.0149457
0.48,0.012053
0.49,0.00968113
0.5,0.00774491
0.51,0.00617124
0.52,0.00489781
0.53,0.00387179
0.54,0.00304865
0.55,0.0023911
0.56,0.00186805
0.57,0.00145373
0.58,0.00112692
0.59,0.000870212
0.6,0.000669394
0.61,0.000512945
0.62,0.000391561
0.63,0.000297765
0.64,0.00022558
0.65,0.000170249
0.66,0.000128007
0.67,9.58851e-05
0.68,7.15561e-05
0.69,5.32015e-05
0.7,3.94085e-05
0.71,2.90838e-05
0.72,2.13851e-05
0.73,1.56668e-05
0.74,1.14356e-05
0.75,8.3168e-06
0.76,6.02667e-06
0.77,4.35138e-06
0.78,3.13049e-06
0.79,2.24408e-06
0.8,1.60291e-06
0.81,1.14086e-06
0.82,8.09124e-07
0.83,5.71819e-07
0.84,4.02689e-07
0.85,2.82589e-07
0.86,1.97615e-07
0.87,1.37711e-07
0.88,9.56324e-08
0.89,6.61816e-08
0.9,4.56425e-08
0.91,3.13694e-08
0.92,2.14859e-08
0.93,1.46661e-08
0.94,9.97696e-09
0.95,6.76404e-09
0.96,4.5703e-09
0.97,3.07764e-09
0.98,2.06553e-09
0.99,1.38163e-09
0.01,2.80466
0.02,2.772
0.03,2.7148
0.04,2.6212
0.05,2.47691
0.06,2.27148
0.07,2.00519
0.08,1.69236
0.09,1.35883
0.1,1.03472
0.11,0.746066
0.12,0.509169
0.13,0.329052
0.14,0.201565
0.15,0.117191
0.16,0.0647689
0.17,0.0340832
0.18,0.0171056
0.19,0.00820119
0.2,0.0037623
0.21,0.00165403
0.22,0.000697894
0.23,0.000283016
0.29,5.87269e-07
0.3,1.86644e-07
0.31,5.75255e-08
0.32,1.72088e-08
0.33,5.00089e-09
0.34,1.41282e-09
0.35,3.88326e-10
0.36,1.03916e-10
0.37,2.70918e-11
0.38,6.88559e-12
0.39,1.70718e-12
0.4,4.13121e-13
0.41,9.74971e-14
0.42,2.24315e-14
0.43,5.14801e-15
0.44,1.02977e-15
0.45,2.54429e-16
# completed
#dev,#size
0,4.60542e-10
0.01,3.06007e-10
0.02,2.02649e-10
0.03,1.33746e-10
0.04,8.79514e-11
0.05,5.75947e-11
0.06,3.75135e-11
0.07,2.42534e-11
0.08,1.55181e-11
0.09,9.78836e-12
0.1,6.06018e-12
0.11,3.66625e-12
0.12,2.1583e-12
0.13,1.232e-12
0.14,6.79966e-13
0.15,3.62116e-13
0.16,1.8582e-13
0.17,9.18065e-14
0.18,4.36567e-14
0.19,1.99819e-14
0.2,8.80574e-15
0.21,3.73811e-15
0.22,1.52958e-15
0.23,6.0373e-16
0.24,2.30039e-16
0.25,8.46849e-17
0.26,3.01449e-17
0.27,1.03846e-17
0.28,3.46485e-18
0.29,1.12061e-18
0.3,3.51592e-19
0.31,1.07096e-19
0.32,3.16936e-20
0.33,9.11905e-21
0.34,2.55273e-21
0.35,6.95704e-22
0.36,1.84707e-22
0.37,4.78011e-23
0.38,1.20651e-23
0.39,2.9715e-24
0.4,7.14243e-25
0.41,1.67365e-25
0.42,3.81741e-26
0.43,8.55776e-27
0.44,1.68787e-27
0.45,3.6904e-28

# mMODE_ACCP_ERLANG s0 n5.65598e-12 c5.55318e-34
#dev,#size
0,9.55764e-17
0.01,1.0161e-15
0.02,5.42008e-15
0.03,1.93493e-14
0.04,5.20293e-14
0.05,1.12459e-13
0.06,2.03645e-13
0.07,3.17979e-13
0.08,4.37368e-13
0.09,5.38798e-13
0.1,6.02498e-13
0.11,6.18429e-13
0.12,5.88287e-13
0.13,5.23014e-13
0.14,4.37875e-13
0.15,3.47624e-13
0.16,2.63383e-13
0.17,1.91602e-13
0.18,1.34588e-13
0.19,9.17701e-14
0.2,6.10393e-14
0.21,3.9779e-14
0.22,2.54997e-14
0.23,1.61327e-14
0.24,1.01011e-14
0.25,6.27292e-15
0.26,3.87023e-15
0.27,2.37516e-15
0.28,1.45114e-15
0.29,8.83136e-16
0.3,5.35562e-16
0.31,3.23708e-16
0.32,1.95037e-16
0.33,1.17149e-16
0.34,7.01523e-17
0.35,4.18828e-17
0.36,2.49305e-17
0.37,1.47956e-17
0.38,8.7548e-18
0.39,5.16508e-18
0.4,3.03828e-18
0.41,1.78198e-18
0.42,1.0421e-18
0.43,6.07636e-19
0.44,3.53277e-19
0.45,2.04798e-19
0.46,1.1838e-19
0.47,6.82308e-20
0.48,3.92131e-20
0.49,2.24717e-20
0.5,1.2841e-20
0.51,7.31679e-21
0.52,4.15727e-21
0.53,2.35539e-21
0.54,1.33073e-21
0.55,7.49707e-22
0.56,4.21184e-22
0.57,2.35957e-22
0.58,1.3182e-22
0.59,7.34372e-23
0.6,4.07984e-23
0.61,2.2603e-23
0.62,1.24879e-23
0.63,6.88036e-24
0.64,3.78042e-24
0.65,2.07146e-24
0.66,1.13195e-24
0.67,6.16864e-25
0.68,3.35252e-25
0.69,1.81709e-25
0.7,9.82209e-26
0.71,5.29493e-26
0.72,2.84673e-26
0.73,1.5264e-26
0.74,8.16256e-27
0.75,4.35337e-27
0.76,2.31562e-27
0.77,1.22845e-27
0.78,6.49971e-28
0.79,3.42993e-28
0.8,1.80522e-28
0.81,9.47625e-29
0.82,4.96139e-29
0.83,2.5908e-29
0.84,1.34938e-29
0.85,7.00974e-30
0.86,3.63199e-30
0.87,1.877e-30
0.88,9.67525e-31
0.89,4.97442e-31
0.9,2.55098e-31
0.91,1.30485e-31
0.92,6.65741e-32
0.93,3.38799e-32
0.94,1.71979e-32
0.95,8.70781e-33
0.96,4.39788e-33
0.97,2.21556e-33
0.98,1.11335e-33
0.99,5.58068e-34
# completed
#dev,#size
0,2.79034e-34
0.01,1.39169e-34
0.02,6.92383e-35
0.03,3.43614e-35
0.04,1.70104e-35
0.05,8.39994e-36
0.06,4.13743e-36
0.07,2.03247e-36
0.08,9.95474e-37
0.09,4.8586e-37
0.1,2.36083e-37
0.11,1.14046e-37
0.12,5.46674e-38
0.13,2.59401e-38
0.14,1.21515e-38
0.15,5.60342e-39
0.16,2.53639e-39
0.17,1.12404e-39
0.18,4.86572e-40
0.19,2.05348e-40
0.2,8.43637e-41
0.21,3.3702e-41
0.22,1.30813e-41
0.23,4.93094e-42
0.24,1.80461e-42
0.25,6.41201e-43
0.26,2.2121e-43
0.27,7.41163e-44
0.28,2.41245e-44
0.29,7.6314e-45
0.3,2.34714e-45
0.31,7.02204e-46
0.32,2.04451e-46
0.33,5.79601e-47
0.34,1.60066e-47
0.35,4.30834e-48
0.36,1.13072e-48
0.37,2.89473e-49
0.38,7.23078e-50
0.39,1.76238e-50
0.4,4.18882e-51
0.41,9.68691e-52
0.42,2.17082e-52
0.43,4.71253e-53
0.44,9.00181e-54
0.45,1.76506e-54
# mMODE_ACCP_ERLANG s0 n1.35573e-09 c5.55318e-34
#dev,#size
0,4.60542e-10
0.01,1.0161e-15
0.02,5.42008e-15
0.03,1.93493e-14
0.04,5.20293e-14
0.05,1.12459e-13
0.06,2.03645e-13
0.07,3.17979e-13
0.08,4.37368e-13
0.09,5.38798e-13
0.1,6.02498e-13
0.11,6.18429e-13
0.12,5.88287e-13
0.13,5.23014e-13
0.14,4.37875e-13
0.15,3.47624e-13
0.16,2.63383e-13
0.17,1.91602e-13
0.18,1.34588e-13
0.19,9.17701e-14
0.2,6.10393e-14
0.21,3.9779e-14
0.22,2.54997e-14
0.23,1.61327e-14
0.24,1.03311e-14
0.25,6.35761e-15
0.26,3.90037e-15
0.27,2.38555e-15
0.28,1.4546e-15
0.29,8.83136e-16
0.3,5.35562e-16
0.31,3.23708e-16
0.32,1.95037e-16
0.33,1.17149e-16
0.34,7.01523e-17
0.35,4.18828e-17
0.36,2.49305e-17
0.37,1.47956e-17
0.38,8.7548e-18
0.39,5.16508e-18
0.4,3.03828e-18
0.41,1.78198e-18
0.42,1.0421e-18
0.43,6.07636e-19
0.44,3.53277e-19
0.45,2.04798e-19
0.46,1.1838e-19
0.47,6.82308e-20
0.48,3.92131e-20
0.49,2.24717e-20
0.5,1.2841e-20
0.51,7.31679e-21
0.52,4.15727e-21
0.53,2.35539e-21
0.54,1.33073e-21
0.55,7.49707e-22
0.56,4.21184e-22
0.57,2.35957e-22
0.58,1.3182e-22
0.59,7.34372e-23
0.6,4.07984e-23
0.61,2.2603e-23
0.62,1.24879e-23
0.63,6.88036e-24
0.64,3.78042e-24
0.65,2.07146e-24
0.66,1.13195e-24
0.67,6.16864e-25
0.68,3.35252e-25
0.69,1.81709e-25
0.7,9.82209e-26
0.71,5.29493e-26
0.72,2.84673e-26
0.73,1.5264e-26
0.74,8.16256e-27
0.75,4.35337e-27
0.76,2.31562e-27
0.77,1.22845e-27
0.78,6.49971e-28
0.79,3.42993e-28
0.8,1.80522e-28
0.81,9.47625e-29
0.82,4.96139e-29
0.83,2.5908e-29
0.84,1.34938e-29
0.85,7.00974e-30
0.86,3.63199e-30
0.87,1.877e-30
0.88,9.67525e-31
0.89,4.97442e-31
0.9,2.55098e-31
0.91,1.30485e-31
0.92,6.65741e-32
0.93,3.38799e-32
0.94,1.71979e-32
0.95,8.70781e-33
0.96,4.39788e-33
0.97,2.21556e-33
0.98,1.11335e-33
0.99,5.58068e-34
0.01,3.06007e-10
0.02,2.02649e-10
0.03,1.33746e-10
0.04,8.79514e-11
0.05,5.75947e-11
0.06,3.75135e-11
0.07,2.42534e-11
0.08,1.55181e-11
0.09,9.78836e-12
0.1,6.06018e-12
0.11,3.66625e-12
0.12,2.1583e-12
0.13,1.232e-12
0.14,6.79966e-13
0.15,3.62116e-13
0.16,1.8582e-13
0.17,9.18065e-14
0.18,4.36567e-14
0.19,1.99819e-14
0.2,8.80574e-15
0.21,3.73811e-15
0.22,1.52958e-15
0.23,6.0373e-16
0.29,1.12061e-18
0.3,3.51592e-19
0.31,1.07096e-19
0.32,3.16936e-20
0.33,9.11905e-21
0.34,2.55273e-21
0.35,6.95704e-22
0.36,1.84707e-22
0.37,4.78011e-23
0.38,1.20651e-23
0.39,2.9715e-24
0.4,7.14243e-25
0.41,1.67365e-25
0.42,3.81741e-26
0.43,8.55776e-27
0.44,1.68787e-27
0.45,3.6904e-28
# completed
#dev,#size
0,2.79034e-34
0.01,1.39169e-34
0.02,6.92383e-35
0.03,3.43614e-35
0.04,1.70104e-35
0.05,8.39994e-36
0.06,4.13743e-36
0.07,2.03247e-36
0.08,9.95474e-37
0.09,4.8586e-37
0.1,2.36083e-37
0.11,1.14046e-37
0.12,5.46674e-38
0.13,2.59401e-38
0.14,1.21515e-38
0.15,5.60342e-39
0.16,2.53639e-39
0.17,1.12404e-39
0.18,4.86572e-40
0.19,2.05348e-40
0.2,8.43637e-41
0.21,3.3702e-41
0.22,1.30813e-41
0.23,4.93094e-42
0.24,1.80461e-42
0.25,6.41201e-43
0.26,2.2121e-43
0.27,7.41163e-44
0.28,2.41245e-44
0.29,7.6314e-45
0.3,2.34714e-45
0.31,7.02204e-46
0.32,2.04451e-46
0.33,5.79601e-47
0.34,1.60066e-47
0.35,4.30834e-48
0.36,1.13072e-48
0.37,2.89473e-49
0.38,7.23078e-50
0.39,1.76238e-50
0.4,4.18882e-51
0.41,9.68691e-52
0.42,2.17082e-52
0.43,4.71253e-53
0.44,9.00181e-54
0.45,1.76506e-54

20,1.84389e-13,49.0597,50.9403,1.35573e-09
21,1.00322e-15,23.603,76.397,1.54698e-07
22,4.38378e-18,8.18057,91.8194,9.02685e-06
23,1.56799e-20,2.03311,97.966,0.000286814
24,4.66786e-23,0.36547,99.6191,0.00524693
