0,100,0,0,0
1,100,0,0,0
2,100,0,0,0
3,100,7.08883e-22,0,0
4,100,1.20326e-13,0,0
5,100,3.12373e-08,0,0
6,99.9999,0.00014396,5.02515e-45,0
7,99.9578,0.0422332,1.70594e-36,0
8,98.3268,1.67324,1.45226e-28,0
9,84.723,15.277,7.5175e-23,1.78112e-68
10,49.919,50.081,1.0104e-17,9.06984e-60
11,16.628,83.372,9.00301e-14,1.54187e-51
12,2.97727,97.0227,2.33545e-10,8.79054e-44
13,0.295342,99.7047,1.2241e-07,6.79468e-38
14,0.0172039,99.9828,2.25409e-05,1.7925e-32
15,0.000626066,99.9979,0.00143468,1.6864e-27
16,1.50547e-05,99.9604,0.0395882,2.14891e-23
17,2.50937e-07,99.4873,0.512739,1.03467e-19
18,3.01837e-09,96.4733,3.52674,2.06231e-16
19,2.79335e-11,85.9065,14.0935,1.41497e-13
20,1.18959e-12,64.2881,35.7119,4.4117e-11
21,4.51211e-11,37.3131,62.6869,6.79646e-09
22,6.84158e-09,15.9895,84.0105,5.22681e-07
23,5.29523e-07,4.9575,95.0425,2.19551e-05
24,2.24847e-05,1.11027,98.8887,0.000534815
25,0.0005573,0.181169,99.8031,0.00787991
26,0.00843721,0.0218383,99.8306,0.0737577
27,0.0821949,0.00197619,99.0814,0.458293
28,0.540488,0.000136522,96.0701,1.9649
29,2.50539,7.32047e-06,87.9336,6.03317
30,8.53856,3.09918e-07,72.4455,13.7772
31,22.3158,3.03283e-08,51.2532,24.3734
32,46.6892,6.88178e-07,30.0447,34.9777
33,81.6666,1.60046e-05,14.2757,42.8619
34,124.526,0.000256802,5.43886,47.2779
35,171.782,0.002921,1.65621,49.1506
36,220.808,0.0241889,0.403765,49.6728
37,269.924,0.149508,0.0791612,49.4037
38,317.425,0.706194,0.0125596,48.0912
39,360.411,2.60867,0.0016242,44.8942
40,394.317,7.71369,0.000172537,39.0114
41,413.904,18.7022,1.56424e-05,30.5756
42,415.521,38.1265,8.98871e-06,21.0414
43,399.032,67.0842,9.88434e-05,12.4691
44,367.793,104.608,0.000950637,6.28497
45,326.789,148.282,0.00713441,2.67646
46,280.586,195.41,0.0423926,0.960348
47,232.422,243.704,0.202383,0.290333
48,184.534,291.082,0.787552,0.0740846
49,138.937,334.947,2.53462,0.0160025
50,97.8856,371.688,6.84804,0.00293681
51,63.6272,397.018,15.7776,0.000461379
52,37.6539,407.253,31.5155,7.9123e-05
53,20.0571,400.825,55.5396,0.000157562
54,9.53031,378.959,87.9308,0.00105727
55,4.01388,345.05,127.347,0.00610818
56,1.49782,303.268,171.605,0.0293577
57,0.523805,257.367,218.331,0.118466
58,0.29505,210.283,265.189,0.405319
59,0.595775,164.383,309.628,1.18769
60,1.756,121.86,348.53,3.01206
61,4.76175,84.7954,378.256,6.68452
62,11.445,54.8147,395.338,13.1348
63,24.5793,32.6079,397.536,23.139
64,47.7164,17.7077,384.658,37.0265
65,84.7343,8.72402,358.599,54.5423
66,139.241,3.88865,322.612,74.9305
67,214.044,1.5975,280.324,97.1459
68,310.792,0.730963,235.028,120.021
69,429.723,0.751524,189.492,142.286
70,569.373,1.71358,146.091,162.504
71,726.195,4.31088,106.924,179.06
72,894.239,9.98297,73.7082,190.34
73,1065.2,20.9957,47.4871,195.086
74,1229.03,40.3735,28.3936,192.758
75,1375.12,71.6165,15.6651,183.702
76,1493.64,118.245,7.94632,169.023
77,1576.68,183.296,3.7291,150.265
78,1618.96,268.894,1.73805,129.061
79,1618,375.901,1.16233,106.912
80,1574.24,503.616,1.75974,85.1287
81,1490.87,649.452,3.91576,64.8341
82,1373.73,808.671,8.71102,46.953
83,1230.92,974.335,17.9778,32.1344
84,1071.94,1137.66,34.2732,20.6609
85,906.738,1288.85,60.7013,12.4146
86,744.473,1418.17,100.578,6.94501
87,592.692,1517.08,157.002,3.62215
88,456.842,1579.14,232.41,1.81351
89,340.232,1600.47,328.19,1.03042
90,244.293,1579.96,444.334,1.02197
91,168.987,1519.3,579.131,1.82925
92,113.305,1422.82,728.913,3.82132
93,75.8415,1297.18,887.961,7.71866
94,55.4643,1150.77,1048.69,14.5886
95,52.0083,992.867,1202.23,25.7884
96,66.8998,832.61,1339.25,42.8433
97,103.56,678.109,1451.02,67.2703
98,167.492,535.791,1530.28,100.375
99,266.015,410.119,1571.96,143.049
