0,100,0,0,0
1,100,0,0,0
2,100,0,0,0
3,100,7.27377e-22,0,0
4,100,1.20625e-13,0,0
5,100,3.20007e-08,9.28267e-56,0
6,99.9999,0.000148153,6.45344e-44,0
7,99.957,0.0430373,8.06318e-35,1.83245e-91
8,98.2892,1.71083,1.57398e-27,3.9842e-77
9,84.1779,15.8221,1.32312e-21,6.57065e-66
10,48.6701,51.3299,9.34315e-17,1.79627e-56
11,15.8279,84.1721,8.92054e-13,2.2695e-48
12,2.78637,97.2136,1.63778e-09,2.36264e-41
13,0.275041,99.725,7.56346e-07,3.04549e-35
14,0.0161057,99.9838,0.000108413,6.6382e-30
15,0.000592454,99.9937,0.00570969,3.13041e-25
16,1.44202e-05,99.873,0.126969,3.89597e-21
17,2.43008e-07,98.6581,1.34186,1.50576e-17
18,2.94841e-09,92.5142,7.4858,2.06849e-14
19,2.6774e-11,75.6653,24.3347,1.1312e-11
20,1.16374e-11,49.0597,50.9403,2.71147e-09
21,2.72292e-09,23.603,76.397,3.09396e-07
22,3.12119e-07,8.18057,91.8194,1.80537e-05
23,1.83658e-05,2.03311,97.9663,0.000573628
24,0.000591994,0.36547,99.624,0.0104939
25,0.0110859,0.0482213,99.8355,0.116239
26,0.127325,0.00475001,99.1786,0.816672
27,0.943997,0.000355437,96.1964,3.8032
28,4.74719,2.05476e-05,87.7393,12.2607
29,17.0079,9.32627e-07,71.3824,28.6176
30,45.6255,4.80622e-08,49.2322,50.7678
31,96.3932,6.22665e-07,27.7511,72.2488
32,168.641,1.75202e-05,12.525,87.4741
33,256.106,0.00033106,4.48902,95.5007
34,351.53,0.00431606,1.27707,98.6407
35,449.746,0.0399055,0.289577,99.2384
36,547.229,0.268674,0.0526828,97.9487
37,639.698,1.35173,0.00775074,93.5975
38,719.972,5.2151,0.000929878,84.144
39,778.049,15.8432,9.18208e-05,68.7056
40,804.272,38.9548,9.23322e-06,49.3351
41,793.869,79.7714,3.05142e-05,30.4141
42,749.372,140.124,0.00038677,15.8558
43,679.004,217.424,0.00376193,6.93532
44,592.625,306.317,0.0280803,2.538
45,498.432,401.152,0.163512,0.777464
46,402.198,496.994,0.755044,0.199872
47,308.444,588.735,2.81103,0.0432872
48,221.85,669.566,8.58281,0.0079337
49,147.423,730.701,21.8764,0.00123927
50,89.1907,763.382,47.4268,0.000199938
51,48.5034,762.308,89.1881,0.000373607
52,23.4713,728.044,148.482,0.00284997
53,10.036,666.594,223.355,0.0184317
54,3.79198,586.62,309.513,0.0972381
55,1.36122,496.522,401.813,0.422949
56,0.900385,403.096,495.011,1.53425
57,2.16675,311.835,583.378,4.69668
58,6.79288,227.696,660,12.2836
59,19.0603,155.215,716.975,27.8066
60,46.8634,97.7024,747.06,55.2365
61,102.098,56.2371,746.068,97.6933
62,199.78,29.3637,714.457,156.169
63,355.898,13.8284,657.053,229.068
64,584.757,5.87607,581.183,312.739
65,896.76,2.37303,494.541,402.405
66,1296.94,1.39543,403.951,492.712
67,1783.76,2.45057,315.198,577.67
68,2347.71,6.73604,233.295,650.474
69,2969.77,17.6921,162.444,703.961
70,3620.75,41.7311,105.52,731.964
71,4262.77,88.6836,63.4527,731.043
72,4853.24,171.435,35.0955,701.587
73,5350.39,304.547,17.7773,647.621
74,5718.63,502.16,8.28276,575.493
75,5932.25,775.783,3.79682,492.27
76,5977.27,1132.39,2.54354,404.62
77,5851.87,1572.84,4.17676,318.399
78,5566.33,2090.37,10.1555,238.593
79,5142.32,2669.28,24.2506,169.183
80,4611.26,3284.23,53.072,112.777
81,4011.23,3901.27,106.279,70.2371
82,3382.49,4480.81,196.118,40.6583
83,2762.66,4982.32,336.164,21.8153
84,2182.91,5369.39,539.485,10.9466
85,1665.83,5613.92,816.633,5.56771
86,1225.18,5698.76,1173.77,4.12023
87,867.083,5618.9,1611,6.4566
88,592.065,5381.61,2120.93,14.2792
89,397.892,5005.76,2687.55,31.601
90,283.097,4520.06,3286,65.1237
91,251.205,3960.12,3883.74,124.288
92,315.094,3364.35,4443.39,220.749
93,500.6,2769.49,4926.85,367.209
94,848.405,2206.86,5299.79,575.759
95,1413.53,1699.98,5535.47,856.018
96,2262.28,1263.91,5617.42,1213.31
97,3466.73,906.01,5540.75,1647.01
98,5097.1,627.763,5312.39,2149.2
99,7212.41,427.346,4950.38,2703.75
